Janicee janice
Samoan
Electra rayne
Blondebomb12
Tamara lee
Gigi dolin
Barbiebabyyy
Lacy larson squirt
Kacybumsy
Hannah marie royals
Dixiedauphin50
Bigbootybaby
Lauren alexis nuds
Justine juicyy
Max fills
onlyfans jackeline ortiz
Ximena 90 day fiance
April blaze
Tattedupholly
Kayla jade east
Bella Bodhi
Futa
Persephanii
bunniemai
Manuel sky
Bambi forest
Kimcarta
Riae
Hidorirose
Rahsweets
Paige jimenez
Ana paula saenz
Grace charis
Janeth garcía
Jacki shea
Ellysykess
Yinyleone
Guys
Brandi snyder
Elay smith com
Kita love xoxos
Mikayla
Tnk
Marilyn mason bbw
Princess mea
Ms rachel
Cherrywarm
Lowkeefans
Anastasiawaifu
Socalval
onlyfans sinfuldeeds
Sugarhooker6969
Vix cin
Danicabelle
Asian doll da brat
Evamenta
Mulanvuittonvip
Susi
Wubzy
Dylan ryder
Only fans giftcard
Egyptiankittyondastpclub
Scarlett snow
Iamkelsilee
Adriana chekic
Freshman eva sky
Jessica pennes
Sunandmoonypremium
Nicole chi
Sabrinaperezxo
Itskhrysss
Only fans de karely ruiz gratis
Ami bibabi
onlyfans age limit
Kit kalypso
Arantxa beltran
Morekurls
Kira dewitch
Mia monroe video
Kp
Congresswoman on
Riley reid website
Linda vo
Bunny fae
Naturally bionka
Lio queen
Lily adrianne
Aliyah marie kent
Blondebrandy269
Bre tiesi
Fitnesswife1983
Jenna ridge
Dreamwynter
Iggy izelia
Victoria matos
Heyitsrenee
Itsbigriss
Lexi luxe
Aitland ward
Cutestgirll
Kylie rocket
Eva joana
Taylormorgans
Asaf challenge
Karelyruizoficial
Jessica beppler
Bhad bhabie pictures
Juliapic
Kelseyaff
Psychoporxx
T o princessxoxo
Chanel best coast
Alexis texa
Sexnatasha
Bella delphine
Is markipliers still up
Eliza rose watson solo
Temara marie
Misskatievip
Bri blossom
Chloe temple
Hongkongdokl
Mckenzie jones
Penelope bust
Melimtx photos
Amy wires
Alli lotti
Victoria graind
Shannon twins
Claudia avilez
Niccdw
Red rose
Orsolya laura
Emma sirus
Itseunchae onlyfan
Persephone
Kiara cole
Taliya and gustavo
Soogsx2
Fishtgirlworld
Erotichigharchs
Trixilandia
Giantess mantman productions
Baileybi
Beautifuljudy23
Olivia madison
Briaalana
Nala brookes
Liz cambage pics
Riley reid
Dimeberacky
Nikki baby
Bitoffun321
Houstephh
Ruru1777
Russia lit
Delatinopapi
Alyssaholmes6969
Jojolowkey
Stawberrytabby
Serenity cox video
Lilbussygirl
Demi mawby
Cj miles lea
Kate racks
Britney official of
Poutyselenaa
Bri sky
Angela alvarez free
Natasha noel
Alexis fruhling
onlyfans youtubers
Kieren lee
Moreofmoriah
Only fans de esme la chapina
Emfoxpng
Iggy
Arianavanx
Fan van free
How to get only fan for free
Lewisandlucy
Lunafeet
Can you delete account
Sierrauzaki
Mimmyfit
Asian daddy ken
Baddangel
onlyfans leeanne
Ignacia michelson
Cici cc
Lunar liv
Bella torres
Marianny1616
Lauramariexoxo
Claudiamarie
Soymariaidelis
Angel baby amelie
Swcollegeboys
Curvybaybee
Lizbeth rodriguez 2024
Riley mae porn
Thestrokegenius porn
Willowwhispers89
Mexi cuban
Aryanatv
Dafootgoddess
Anisasothick
Cailey lonnie
Felicialovesponch
Rylie smiles
Vaaleealvaro
Debauchery desired
Morganvera
Meg turney  influencer
Missmichelleyg
Bella bumzy
Kayla laurens
Karley francis
Bruna duarte
Ts aliyah rose
Korea
Kiwigirlgigi
Misscaramellocom
Only fans nipple
Ryder rey
Good charlotte
Kirra schofield
Erasedweeaboo
How to get an for free
Julie with the cake
Violetbrandani
Brianna coppages
Angel evansss
Lxdyrayne
Miekoui
Baileyjay
Its me cat
Elsathorafree
Adriannalopez
Emmilyelizabethh
Suzielove212
Brittanya razavi s
Johns whitney
Rebeccavocalathlete
Cherryctush
Shunli mei
Erica lynn2
onlyfans valerie
Arianamarie
Sinfuldeeds date
Miah khalifa
Morgpie s
شيري ديفيل
Lotharia
Slutpilled
Marissa minx
Julia fox
onlyfans sweetjaimie
Jbae
Little caprice videos
Bigyiddies69
Healsl9t
Playgirlcris
Brittanya razavi free
Egirl4u
Yorgelis carrillo
Morgan rae
Markiplier
Jazlynn
Kristen nicole
Fitbrunette
Daddieslittlefox
Emma ruby
Leo grand
Sonja
Nikkixvalentine
Chocolatelegend
Costco hoe
Goth egg por
Messymegan
Jesssaroni
Nalgona
Teninchtop
Tsyattie
Karen havary
Justine wolf
Kurvykary
Janiece and isaiah
Ceciisantiago
Ibabyrainbow
Saberonstage
Ginger grey
Layladeline
Lolly dames
Candycummings
Hannaowo
Brandi love new porn
Myyluvisbliiind
Cosmicstella
Sohpie rain
Ketchikan
Dakotatyler
Chapinas cojiendo
Oheytherehellohi
Airika cals
Breckie
Emkenobi
Princessfrombabylon
F1nnster free
Timothy chance
Leahmeow
Kim velez
Beautyincurlz
Bella christine
Fattyfeet420
Ashleyyyreyyys
Breckie hill only fns
Twizzykitty
Chloe lamour
Elizabethruiz
Jesse
Puffin asmr of
Lillie nue
Brittani
Jazmin valdez
Lorena peach
Rachel renee escort
Yukimini
Does id creators
Oliviakayemyers
Alessandra
Mady gio
Lauren blakeee
Iheartsarita
Andrea pardo
onlyfans prices
Yessydwaifu
onlyfans information
Loganberry
Adam and lena
Danae aveah
Babyk
Itslunarliv free
Lena ghe plug
Necyness2
Michelle rayne
Julie with the cakes
Caleb manning
Ivyywaifuu
Naked chicks farting
onlyfans hayley davies
Fairybaby only
Rome major
Yinethfit
Reba fitnice
Aspen solomon
Somoneybaby
Mandybabyxxx
Envykellsx3
Sinfulcinny2x
Sexy women
Aishah sofey
Janice riveras
Sweet tabasco bitch
Luzvioletta
Jamiliz
Mysteriouskathy
Luvcoregf
Lana rhoades and
Rubirose
Francescas instagram
Caylavanderbaan
Britneybabe11
Thats offensive
Goddess ambrosia feet
Evelyn tojo
onlyfans vk
Fantasylulu
Naomi ross free
Jenny treviño
Sofia vergara
Skylarsnowxxx
That 1 ig girl video
Ababy93
Kreayshawn fapello
Queenbelly
Lauren burch sexy
Hunter henderson
onlyfans chastity
Alison white
Nikkisandiego
Aliceardelean
Gorjess feedee
Jordin nashville
Julifreestyle
Bretmanrock
Littlecloverwhispers
Aubreyjlove808
Hillawood
Summerblake688
 natycutei19
Ozzy lusth survivor
Feetiefuntime
Persia monir
Xdayaannax
onlyfans thesabrinabanks
Norafawn
Timstar
Fatal flesh
Natalyfabiolaordonez
Chloefoxxe
Rolyatistaylor
Vickie jay
Jade jordan
Karol bcr
Scarlet scandle
Hanna costtello
leaked heyimbee
Brittanyblair
Pennylanelovexoo
Ashleyalban94
Athena fleurs
Alexis load
Jenifer caselles
Phatasskelleyprice
Blog
Crooks
Mary carey
Sarahwhite6969
Kikithebarista888
Zaliagraves
Nofacedhunter
Fa mulán
Nancy ace
Biker stuff
Hanna sweet nature
Top creator
Hollieholls
Sasha ray
Derekdeso
Dose of roseee
Korectiion
Feet on
Aailyah love
Peirslouise
How towatch liv
Isabelneru
Miaxblack
My fan only
Lexbabyy00
Hollybrooke92
Tokyo leigh
Merlin blanco
Naacp
Tsparris
Sallyspice
Lexi marvel
Baddies
Ariella nyssa
Krissytaylorvip
Dr mike
Innocent hakkas corner
Petitesweettreat
Liz cambage
Monica jambagle
Irisbloom
Maddison fox
onlyfans izle
Free s
Kiwigirlxox
Janet garcia
Angelaincollege
Nicky champa
Alisa foxy
Catchinggolddigger
Luxurymegh
Bunni emmie
Karen mucci
Dolllyfied
Carol oliveira
Katy leon
 ms hourglass
Dolly chloe
Sky sutton
Deregie
Brownin aurora
How do i start an
Chleo amour
Molliesmellons
Stella hudgens s
Delete
Dddbrii
Darshelle stevens
Jazlyn westbrook
Laruen alexis
Ikeepthemcumming
Tab0301
Best girls
Brianna coppage naked
Foreveryuri
Dopebruja
onlyfans jenny ponce
#sukihana
Leeann star
Serapself
Queennephilim
Sabrina lynn model
Ashleyyyreyyy
Ashley ortega
Baddiekaine
Misschillabit
Wouldyakindly
Emma love
Samantha secretxo
Yinyleoncom
Alexis and lauren
Missjuicyyx
Best mature
Enticingbeauty
Vanessa rhd
Lanarosie
Mikafans
Dystorra
Amy august
Lauren compton playmate
Nadia amine
Jayden michele
Angelinas life
Mvngokitty free
Bishoujomom s
Columbus ga
Lilgoofball
Mcbourbonnais
Transfairy99
Brandilauren
Sssniperwolf
Littlemelitaa
Leanne
Correia 36g
Bukkitbrown videos
Sapphiredixon
onlyfans brandi sheri
Just jen
Mydaddyandme3
Strokedaddyk
Janicee janices
Anya
Alina rose
Melissa sucre
Paige vanzant pictures
Lydiagh0st
Only fans vídeos
Hermione
Mikaila dancer
Madi
Twistedmora
Sukiana
Naomie dufresne
Andylynnpayne
Embodoe
Georgiapriddings
Andidej
Jame lizz
Sarahlashe
Emilia lauren
Babykitties
Monabrownn
Lily phillips
Acidslvts
Aintez
Best free s
Lilmayj
Camm landi
Kimberlee catena
Malaysian
Boutukara
leaked drea de matteo
Xisabellaabrown
Mamasmamas
Women driven
Theamina
Lizbeth eden videos
Antijuls
Ethereeaaal
Hailss444
Rebecca vocal athlete
Alison angel videos
Ximena saenz
Camohunny
Thejudelawl
Sexylibrarianxx
That1ggirl
Https wwwcom
Mialee
Garcia
Ailine perez
Xo lexxaa
Cody seyai
Wisconsin tiff
Dillon anderson
Alysha newman
Chelsealynn295
Mea kahlifa
Jasmine llamas
Bhad bhabie
Janice griffith pornstar
Madiruve
Cruella morgan
Big tittygothegg
The erotic barber
Amy ginger hart
Kat wonders
Finnst3r
Empbrat
Nikocado avocado
Rrosajasminn onlyfan
Calista melissa
Only fans create account
Little puck pornhub
Willam belli
Katina kays
Roxy bell
Hannah elizabeth
Cookiesandcreamxx
Sophie and sierra
Sonyaraw
Curvymusclemommy
Olivia kaiser
Mallory gulley
Yannidagoat
How to unsubscribe to
Naiysoglam
Can you use visa gift cards for
Aubreyoday
Carly rae summers
Linda la madre
onlyfans blondemauigirl
Liam ferrari
David christian
Lira galore
Boobatv
Giaarmani
Allisonparker22
Emily blacked
Cherrybomb 20
Trixxie
Jayla jolie
Dimples
Lolalynn
onlyfans cim
onlyfans marianvgl
Nikki benz of
Mihobaby
Chilena
Ava louises
onlyfans booplesnoot
Bushijomom
Gynababy
Sukigoat
Venus moorez ts
Sexsmile
Lee17 2
Amber rose free
Aubrey elizabeth
Matty lee
Wh0isnikki
Vanesitaleon19
Brithesb69
Esperanza gomez 2024
Misakivideos
Princess midna ash
Bumbumqueen
Andreea
Spicynerdd
Amouranth sextaoe
Blueeyedqueen1
Onlyfaqns
Cutelivs
Addisonriley
Christian hogue onlyfan
Onlufand
Victoriabanxxxx
Lexi winter
Babygirlkaikai
Lily lanes
Agata
Breckiehill naked
Olivia mae
Bhadbhabies
Keira croft
Isla moon free
Afam22
Riley reud
Can you really make money from
Emily willis net worth
Mia st john
Pinkydoll onlyfan
Telari love
Itsnotdatsrs
Ejay stokes
Cali hotwife
onlyfans nancy hernandez
Jaydenelizabeth
Emma wizoutrule
Mia califaxxx
Theviolettevixen
Ambarreyess
Shawooop
Cheeseburgerjesus video
Midwestmom77
Lizzylonglegs
Evalevel
Yailin mas viral
Prettykkittykat
Summer
Taylor breeseys
Serenafit
Ellaa988
Rossane504
Cami martinez
Kitthebeefcake
Cassdiy banks
Ennid
Lena the plug plugtalk
Princessemilyle
Dickthroatorship
Marilynptorres
Muwunlite
Malinapray
Parsley lele
Mags irl
Teanna trump x
Jade venus
Dribrazil
Judyyymarie
Mel7158
Britishlexi
Itseunchae only fan
Sadputa
Pokimane
Smallblonde1
Nicki the boss
Antonywalkerx
Country
Marmad
Drea de matteocom
Columbus
Veronicarosexo
Realbritt fit
Lauren alexis is gold
Free gay porn
Ihatelaika
Nysdel1
Tiffany
onlyfans exclusive
1099
Tiny texy
Jamelizzzz
Chinastarzzz
Ms sethi only fan
Ekaterina enokaeva
Iwantcakes
Chascash
Montana blue
Alejandracriscuolo22
Cielooo
Ailu perez
Blodeadobo
Mia kaliefa
Emilysedona
Acaexposed
Carmen rae
Aldorachan
Hi my names tee
Icybabyjustice
Loribauer
Notbrookesynn porn
Ian and mariah of
Mckinney richardson
Athea palomino
Colleenmmcginniss
Ebony big booty
Gayforfans
Adeeah
Maloy
Byjemmi
Cojiendo a una chapina
Amanda clarke
Search onlyfan
Nikocado avocado only fan
Jessica nigri
Cherry
Luckless holly
Briella bardot
Tyler saber
Beckyxxoo
Barbiexbby55
Maievska
Andrea rodrizz
Asiri ocean
Michelle perez
Megan graves
Charlottelavish
Tianastummy
Brynn lewis
Spring
Kazumisworld
Savannah bond free
Thickmama416
Belle delphine 2024
Lamarchairez
Bigbootyandbeast10
Socolasuniverse
Tabs24x7
Slayhil
onlyfans de doña reclamos
Faydwynnmorningstar
Monikkamancini
Solyasmr
Mackenzierayy
Jack doherty onlyfand
Ktlordahl
Lucy love
Missy martinez
Eva martinez only fan
Cherokee dass
Littlelandor
Jack valor
Nakedhugs
Leedah
Tsstella
Mistresscindyray
Corinna kopf onlyfan
Cwutefemboy
Anya olsen
onlyfans astrella
Maya soles69
Best no ppv accounts
Your aubsome
Jesse switch s
Foxenkin
Dana de armond
Courtney taylorxxx
Imheeeem3
Sofía coste
Ms wet wet
Jakarabellas
Mespy
Imyugia
Cory chas
onlyfans brazilian
Yourstrawberryflame
Xx140angel
Carla kush
Pumaswede
Ts zuleyka
Sisi rose escort
Missamberfields
Akidearest
Miss tina louise
Anny aurora
onlyfans transgirl
Sassyass87
Andrew twk
Ambsofficialxo naked
Imlillina
Taylorpeachxo
Elsababy
Jurassicdaddy
Mark fishbach
Kiera bernier
Skydxddy
Kenzie reeves
Salice rose
Lilsummerhoe
Cocopie0218
Jasmine sherni
Dovia
Kim petras s
Mini diva por
Only fans jen bretty
Miah
Demi sutra
Camilla araujo free
Hisexoticvixen
Laila gomez
Dimeracks
Redwildcat
Iamjuceefroot
Katie kat
Jordanmillicent
Timothy champagne
Victoria only fan
Nutfornikita
Vincemay video
Lauren alexsis
Katie dubbs
onlyfans thattgirlllll
Maddy
Lacylubaby
Rara knupps
Cgetsnakey
Ariel jade
Michaela
Como es la aplicacion de
Onlythefans
Alinity fandy
Jade
Layla dreams
Bugatti bubblez
Realkaaybrazy
Malenabb
Maya buckets
Afraliz
Liefloves
Christinaluvv
Cops with
Mercy
Xxxsavannahsixx
Aidenmasters
Lena the plug of
Does have porn
Nanda reyes
Willow harper
onlyfans
Kiathegoddess
Hannah kabel
Tony lopez
Andreabrownvera
Therealhammytv
Kattdumont
Mona lisa
Chinadrr15
Evelyn
Just peachy
Xena
Asian peach
Mlody marks
Shyjbaby
Madison moore
Summer soderstrom
Gypsyxrose666
Jeeniibm
Madeinhell 69
Alyssamartin
Hanah owo
Only fans fee
Juicybootyjez
Luana kazaki sexo
Ryan james
Omnifans co
Kirsty brammeld
Tamy leen
onlyfans san jose
Tara michelle
Gaby gardes
Onlysabrina
onlyfans hazey haley
Shelby
Leonard
Babytessxo
Emilia szkopiak
Itshollybabyy
Sheasweetnessvip
Verysmolhat
Kiaraakitty age
Clarke styles
Lacey bender
Peachyboy twitter
Destiny skyes
Iamferv
Abniyummy
Lil pixie
Harry jowsey
Fabs top 5
Lichlingss
Deyhategianna
Corinna kopf pictures
Kristyaustin
Dilfenergy
Intotheshadowrealm
onlyfans lillienue
Babylyraxx
Teddybearosito
Magical macey
jennifer ponce
Sarahroomie
Ufc fighters
Fabiana la china
Olivia fleur
Xlildevilxx
Kineishy edouard
Gyatt
Natalie reynolds
Corinna kopf
Lyssaxbby
Bruletova
How to hide identity on
Hansel and grettel
Jade lee